
                                                       0
                                                       0
                                                     010001                            0
                                                     110101                            0
                                        1            000010                          01111
                                        1            011111                          11110
                                      11100          010110            1             10001
                                      00011          010110            1             00011
                                      01011          110101          010000          01100
                                      01011          111011          110010          01111       1
                            10011     00101          110101          010011          10011       0
                            00001     10110          100110          010101          00101     00001
                            01110     00000          011010          111000          11001     00000
                            10001     10011          000010          111110          11011     11111
                            11101  0  11111     01100001110          111001          01001     11101
                            00100  0  10011     10010111010          110010     0000110110     10000
                            011111100111111     10011110010          101010     1010010001     00100
                    1       011101011010000     01010111001          110100     0101000111     00111     01111
                    1       001100111100011     1011000110101011     100110     1110100011     01100     10000
                  00000     000101100010001     1010011000100100     010111     0101101110     10011     00011
                  10011     101100101111100     0101000001001001     110010     0111001000     00111     11100
                  11100     010111101111111     0011111000110001     010111     00110100011001100100     00011
                  10110     111111011111011111010010101010000001     000110     01010010001000111010     01111
                  11011     100110110111001000101100100111000101     001010     01101010010111000100     01011     1101
                  11011     01000001000111111100110100000111001110101110001     01001110110000011101     11100     0011
              010001010     10000000110111011010111111010100110101011001101     11010111011011010000     00111     1111
              011110100     01001111001010111000001100110001000101100110110     100100000110000010000001100010     1101
              011111010     0011001010101110111000011100000000111111110001011111101011000110100011101000001010     0001
              111000100     0010100111001100011010101100110100100110100010100010110101011101000000100110100011     0010
              001110000001001111110011111010001100111100000110101010010011110011101101000101110110100011101011     0011
     0100     101011100011010100101000100001110010001110000110100101100000001100010011100101000110110001011001     1010
     0011     001110101011100010000010110110111110111001010101001010001010000100101111001011100100011000000110     1000
     0100     000001111011111010011100110000100000010111010110111010111010100111001000010100110100111101011110101101000
     0100     101000111010110111111101001111010101011111001000100110000001101001000001001000011111111101100000111100101
     011101011101101100110000000010010000100100100001100110000100110010010101101000111011001110110000110111111111010001
     100111010110110001001110011000111101010011110010101101100100111100011010010100101110000111000010001011010011111011
 0100110101010011110111110110010001011101000100111000000000001000001001011111010111011110101110101101101100010010100110
 0100100010001011010011111111000100001001010111101110000101100101000011111011110100101010011101101110100100000000110101
 0000111111011001100101011000011101101100001110100100110100000101110111010110111001001111011110101101100010110000011101
 0011110000000000001010100110111001011000100100000011011110000011001100101101101111101111011101111001110101010111101000
 1111101111111111110101100111110001011000110100001011010110101111000111100111011110011001100010101011101000000111110100
 1111110110101101010000101101100010110101111101100011111111001011000100000100011111000010010011000000100101011101110110
 0001010111000011101000101100010011100000110101111101000100111001010110001010100101101111100101011010000011000110110100
001111111100001100110110010010000000010101000100001100111010011111001010111001010111010101100010110000100110100001101111